MiddlegamePSQT: 
// King
{
-24, 43, 49, -18, -26, -27, 6, 19, 
-40, 7, -11, 57, 22, 10, -1, -34, 
-89, 35, -1, -8, 19, 63, -8, -44, 
-64, -39, -53, -71, -76, -73, -92, -154, 
-70, -32, -51, -76, -81, -56, -83, -155, 
-34, 8, -31, -39, -30, -36, -5, -55, 
40, 10, 5, -20, -28, -4, 17, 27, 
36, 55, 36, -30, 16, -18, 37, 39, 
},
// Queen
{
-47, -52, -44, -13, -30, -9, 23, -24, 
6, -18, -26, -51, -72, -30, -12, 46, 
7, -1, -6, -13, -29, 13, 11, 15, 
-5, -3, -10, -13, -14, -8, 1, 0, 
1, -7, -8, -2, -2, -7, 8, 9, 
1, 5, 0, -4, 1, 4, 20, 15, 
11, 10, 12, 15, 13, 22, 34, 49, 
0, 6, 10, 10, 15, 1, 17, 23, 
},
// Rook
{
-10, -12, -20, -26, -7, 24, 30, 30, 
2, -1, 14, 33, 10, 39, 24, 45, 
-11, 13, 8, 7, 32, 39, 59, 27, 
-16, -2, -2, 8, 5, 15, 13, 1, 
-26, -26, -16, -7, -6, -22, -1, -16, 
-29, -24, -21, -16, -8, -5, 18, -1, 
-26, -22, -12, -9, -4, 1, 16, -14, 
-13, -9, -8, -1, 4, 0, 2, -9, 
},
// Bishop
{
-29, -61, -56, -99, -91, -84, -51, -57, 
-8, 1, -2, -18, 3, -12, -21, -34, 
1, 4, 3, 14, 1, 46, 11, 22, 
-12, 1, 8, 12, 17, 5, 4, -19, 
-1, -8, -8, 18, 10, -3, -6, 19, 
4, 9, 6, 2, 6, 7, 12, 21, 
19, 7, 16, -3, 4, 15, 28, 26, 
12, 20, 0, -5, 4, -4, 18, 40, 
},
// Knight
{
-107, -97, -66, -28, 1, -61, -65, -70, 
1, 13, 38, 41, 24, 72, 13, 22, 
7, 23, 18, 34, 65, 68, 32, 18, 
11, 9, 23, 31, 23, 36, 20, 41, 
3, 8, 10, 19, 19, 22, 14, 14, 
-13, -2, -6, 2, 15, -3, 16, 3, 
-14, -10, -6, 6, 5, 7, 13, 10, 
-44, -10, -22, -10, -3, 1, -8, -4, 
},
// Pawn
{
0, 0, 0, 0, 0, 0, 0, 0, 
71, 74, 45, 92, 68, 54, -16, -17, 
22, 11, 43, 48, 61, 94, 63, 28, 
-6, -4, 4, 8, 25, 26, 6, 4, 
-7, -11, 2, 13, 16, 13, -1, -3, 
-14, -6, -5, 2, 11, 1, 13, -2, 
-12, -7, -5, -8, 1, 15, 18, -10, 
0, 0, 0, 0, 0, 0, 0, 0, 
},
EndgamePSQT: 
// King
{
-85, -44, -28, 6, -1, 0, -10, -101, 
-11, 28, 35, 28, 42, 55, 49, 11, 
10, 32, 50, 60, 64, 57, 61, 22, 
-1, 34, 56, 68, 70, 65, 53, 28, 
-12, 18, 45, 61, 60, 43, 30, 14, 
-24, 0, 26, 39, 37, 24, 0, -14, 
-49, -12, 4, 17, 19, 3, -21, -49, 
-87, -63, -35, -8, -31, -20, -57, -97, 
},
// Queen
{
20, 25, 43, 29, 37, 30, -9, 25, 
10, 30, 60, 78, 100, 63, 43, 31, 
25, 35, 61, 61, 78, 48, 27, 27, 
36, 51, 60, 72, 70, 55, 56, 41, 
28, 53, 59, 72, 68, 58, 38, 33, 
14, 31, 54, 57, 59, 47, 21, 10, 
6, 9, 16, 28, 31, 3, -27, -51, 
13, 12, 15, 29, 6, -1, -13, -20, 
},
// Rook
{
44, 47, 54, 50, 41, 37, 37, 36, 
41, 51, 52, 38, 42, 34, 37, 28, 
44, 43, 43, 38, 28, 22, 23, 23, 
50, 45, 49, 40, 29, 23, 29, 29, 
42, 43, 40, 35, 31, 33, 24, 26, 
34, 31, 28, 27, 20, 14, -2, 3, 
25, 28, 26, 22, 14, 8, 0, 8, 
26, 25, 31, 22, 13, 14, 11, 8, 
},
// Bishop
{
5, 12, 5, 16, 12, 3, 6, -3, 
-7, -4, -3, -1, -12, -5, 1, -1, 
8, -2, 2, -8, -4, 0, -3, 5, 
4, 4, 0, 17, 8, 6, 1, 8, 
-3, 4, 12, 10, 7, 6, 3, -16, 
-2, 4, 7, 9, 13, 6, -4, -7, 
7, -11, -11, -1, 0, -6, -6, -9, 
-4, 7, -9, -3, -7, 4, -11, -25, 
},
// Knight
{
-43, -14, -2, -14, -12, -31, -20, -64, 
-2, -2, -13, -13, -18, -28, -6, -22, 
-6, -10, 2, 2, -10, -25, -20, -17, 
5, 2, 10, 12, 16, 8, 8, -4, 
2, -1, 16, 12, 20, 7, 3, 2, 
-7, -4, 1, 15, 13, -3, -8, -3, 
-2, 0, -5, -5, -7, -8, -10, 12, 
13, -17, -7, -7, -4, -13, -5, 8, 
},
// Pawn
{
0, 0, 0, 0, 0, 0, 0, 0, 
151, 138, 142, 76, 78, 99, 142, 159, 
78, 81, 37, -3, -10, 13, 57, 60, 
59, 47, 30, 10, 10, 17, 35, 33, 
39, 35, 23, 15, 13, 18, 24, 22, 
33, 29, 25, 23, 24, 24, 18, 19, 
35, 31, 26, 24, 33, 23, 16, 17, 
0, 0, 0, 0, 0, 0, 0, 0, 
},
MiddlegamePieceValue:  []int{10000, 930, 423, 342, 305, 71}
EndgamePieceValue:  []int{10000, 1093, 607, 365, 351, 87}
QueenMobilityMg: []int{-21, -18, -36, -52, -44, -28, -25, -22, -19, -17, -14, -10, -7, -2, -1, 0, 0, 0, 0, 2, 10, 23, 40, 58, 45, 81, 26, 11}
QueenMobilityEg: []int{-77, -66, -56, -74, 16, 81, 120, 141, 159, 181, 187, 192, 197, 195, 197, 200, 199, 201, 202, 198, 193, 171, 160, 137, 143, 120, 140, 138}
RookMobilityMg: []int{-41, -31, -8, -2, 2, 4, 5, 6, 9, 13, 16, 17, 21, 25, 29}
RookMobilityEg: []int{-17, 7, 30, 51, 63, 73, 80, 86, 88, 90, 94, 96, 97, 95, 91}
BishopMobilityMg: []int{-51, -63, -29, -19, -7, 1, 7, 12, 13, 18, 21, 37, 43, 55}
BishopMobilityEg: []int{-140, -56, -3, 21, 32, 39, 48, 53, 58, 58, 59, 50, 50, 37}
KnightMobilityMg: []int{-143, -38, -11, 0, 12, 15, 27, 39, 53}
KnightMobilityEg: []int{-80, -21, 9, 33, 44, 57, 58, 61, 54}
DoubledPawnPenaltyMg: -2
DoubledPawnPenaltyEg: -8
IsolatedPawnPenaltyMg: -10
IsolatedPawnPenaltyEg: -12
BackwardPawnPenaltyMg: -9
BackwardPawnPenaltyEg: -8
PassedPawnsPenaltyMg: []int{0, -8, -14, -14, 12, 0, 15, 0}
PassedPawnsPenaltyEg: []int{0, 9, 13, 40, 68, 139, 118, 0}
BishopPairBonusMg: 22
BishopPairBonusEg: 66
RookOnOpenFileMg: 37
RookOnSemiOpenFileMg: 21
KnightOutpostBonusMg: 35
KnightOutpostBonusEg: 19
BishopOutpostBonusMg: 40
BishopOutpostBonusEg: -3
QueenAttackWeight: 11
RookAttackWeight: 20
BishopAttackWeight: 15
KnightAttackWeight: 19
KingZoneDefenseBonus: 16
PawnShieldFrontBonus: []int{0, 23, 21, 3}
PawnShieldSideBonus: []int{28, 16, 11, 1}
PawnStormFrontPenalty: []int{137, -4, -4, 0}
PawnStormSidePenalty: []int{-4, -23, -26, -5}
KingOnOpenFilePenalty: -47
KingNearOpenFilePenalty: -15
MinorAttackedByPawnThreatPenalty: -51
RookAttackedByPawnThreatPenalty: -51
QueenAttackedByPawnThreatPenalty: -45
RookAttackedByMinorThreatPenalty: -38
QueenAttackedByMinorThreatPenalty: -45
PinnedQueenThreatPenaltyMg: -75
PinnedRookThreatPenaltyMg: -59
PinnedBishopThreatPenaltyMg: -9
PinnedKnightThreatPenaltyMg: -32
PinnedQueenThreatPenaltyEg: -47
PinnedRookThreatPenaltyEg: -3
PinnedBishopThreatPenaltyEg: -65
PinnedKnightThreatPenaltyEg: -53
SafeQueenCheckThreatBonus: 15
SafeRookCheckThreatBonus: 13
SafeBishopCheckThreatBonus: 17
SafeKnightCheckThreatBonus: 14
TempoBonus: 24
